%% FA-150-decoupled
T=2*3.286e-6;
f=1/T
Tx= 3.638e-7;
Rx1=1.232e-6;
Rx2=1.19e-6;

phaseTx=(Tx/T)*360
phaseRx1=(Rx1/T)*360
phaseRx2=(Rx2/T)*360

%%
%% MA-150-decoupled
T=2*3.189e-6;
f=1/T
Tx= 4.052e-7;
Rx1=1.326e-6;
Rx2=7.83e-7;

phaseTx=(Tx/T)*360
phaseRx1=(Rx1/T)*360
phaseRx2=(Rx2/T)*360
%% FA-150-coupled
T=2*3.298e-6;
f=1/T
Tx= 4.127e-7;
Rx1=1.405e-6;
Rx2=1.359e-6;

phaseTx=(Tx/T)*360
phaseRx1=(Rx1/T)*360
phaseRx2=(Rx2/T)*360

%%
%% MA-150-coupled
T=2*3.304e-6;
f=1/T
Tx= 4.096e-7;
Rx1=1.325e-6;
Rx2=1.519e-6;

phaseTx=(Tx/T)*360
phaseRx1=(Rx1/T)*360
phaseRx2=(Rx2/T)*360