%% Equal Mutual 
f=[120 130 140 150 160 170 180];
module_1_current=